gradient matrix: [[0. 0. 0. ... 0. 0. 0.]
 [0. 0. 0. ... 0. 0. 0.]
 [0. 0. 0. ... 0. 0. 0.]
 ...
 [0. 0. 0. ... 0. 0. 0.]
 [0. 0. 0. ... 0. 0. 0.]
 [0. 0. 0. ... 0. 0. 0.]]
div_convection: [     0.      0.   -800.  -2400.  -4800.  -8000.      0.    800.   1200.
    800.   -400.  -2800.   -800.   1200.   3200.   4400.   4800.   3600.
  -2400.   2800.  12400.  25200.  41200.  59200.  -8800. -12400. -17200.
 -20800. -23200. -22000.      0.  -4400. -11200. -20400. -32000. -46000.]
p_init_; [ -265197.48566229  -537072.58484979  -805717.30396248 -1020366.09880416
 -1067958.38467707  -776036.04280603  -523717.35779938 -1074379.5497744
 -1650298.53219595 -2162184.70657711 -2365659.39709809 -1819165.78654706
  -752216.39576082 -1578413.72425249 -2524116.56846982 -3492356.79821021
 -4089036.71059114 -3416265.7062841   -891482.50099139 -1928106.38300493
 -3243429.21922064 -4768457.20720278 -5970256.94077214 -5356276.32799819
  -839843.22519982 -1879952.08755519 -3331184.71820501 -5157687.87060814
 -6762141.51729646 -6242080.66493651  -486076.3122527  -1104582.02381099
 -2028521.69543608 -3386332.03972832 -4964744.59286904 -5396528.81445139]
solve_u_hat:u_n shape: (2, 36)
solve_u_hat:u_n shape: (2, 36)
i:  1
u_n shape: (2, 36) (2, 36)
solve_u_hat:u_n shape: (2, 36)
solve_u_hat:u_n shape: (2, 36)
u_hat shape (2, 36)
u_n vector: [[-4.18664954e+30 -6.66715298e+30  9.98898204e+30 -1.19516709e+31
  -6.07862296e+30  4.77065559e+30  8.90133086e+29  2.94570367e+33
  -2.41360297e+33  2.27072171e+33  1.01272581e+33 -6.41662796e+29
   3.11542761e+30  5.75179206e+32  4.04250317e+32 -3.15168127e+33
  -1.69466310e+33 -7.21327048e+29 -3.09638409e+30  1.12720760e+33
   1.66597302e+32  1.38625113e+33 -1.36838670e+33  4.96878296e+29
  -1.02330745e+30 -2.63901365e+33 -7.44592335e+32 -1.98451043e+33
  -8.43968798e+32 -1.67515609e+30  2.19948581e+30  4.86372156e+30
   9.16267023e+29  2.40873289e+30 -7.52110042e+29  1.37607061e+29]
 [ 7.35862975e+30 -3.00495255e+30 -8.55009211e+29  4.27302971e+30
  -2.81912417e+30 -2.52579133e+30  4.87812631e+30 -1.66988469e+33
  -2.62379847e+31  1.12174545e+33 -1.91483447e+33  8.32348722e+30
  -6.88296741e+30  7.22801921e+32 -2.24563307e+33  3.00861251e+31
   5.09312589e+32  1.75772223e+30 -7.26932518e+30  8.25284270e+32
  -9.32216329e+32 -1.83813122e+33 -1.33549463e+33 -3.99051570e+28
   1.26192234e+30 -1.75848653e+33 -1.37367640e+33 -1.52811941e+33
   1.15271446e+32 -3.90908933e+30  3.29519692e+30  4.74959810e+29
  -4.05041866e+29  5.98385919e+28 -1.24017197e+30 -1.06482756e+30]]
i:  2
u_n shape: (2, 36) (2, 36)
solve_u_hat:u_n shape: (2, 36)
solve_u_hat:u_n shape: (2, 36)
u_hat shape (2, 36)
u_n vector: [[-1.80481866e+212 -3.35764237e+213  5.21414742e+213  5.91731448e+212
   1.07007119e+213  8.75275331e+212 -1.15086624e+213 -4.90737202e+214
  -2.06473513e+216  1.28735796e+214 -4.20062153e+215  1.23208333e+211
   9.07337230e+211 -1.16753993e+216 -1.57822955e+214 -7.95016004e+215
   3.37662671e+213 -2.68043178e+212 -1.21304973e+211 -1.25942392e+214
   7.47162203e+214  1.36844251e+214 -1.78850833e+215 -8.30495651e+210
   1.88570661e+210 -1.23215854e+216 -9.84428919e+213 -1.15562875e+216
   2.90632412e+214 -1.69317752e+212  1.16143295e+213  1.53260355e+213
   5.17462439e+211  1.44890681e+213 -7.07436648e+212 -3.84780911e+210]
 [-1.43773959e+212 -2.58575070e+213  8.13708273e+211  2.05978210e+213
  -9.29889285e+210  1.05230710e+213 -3.32093446e+213 -6.66014749e+214
  -1.62992943e+216 -7.45052231e+213 -3.49758667e+215  8.57511249e+212
   2.33073224e+213 -9.18194117e+215 -8.49285884e+213 -6.34244839e+215
  -7.36482902e+213 -1.07032590e+213 -7.04950124e+210  4.70569854e+213
   5.54075111e+214 -3.85072982e+213 -1.34909782e+215  2.96541232e+212
   2.33830566e+213 -9.29601743e+215 -1.68009870e+213 -9.05276014e+215
  -1.33026712e+213 -1.34864523e+213  1.54032342e+213  1.07716578e+211
  -4.76214632e+211 -2.44463677e+211 -7.21581845e+212  2.92662256e+211]]
i:  3
u_n shape: (2, 36) (2, 36)
solve_u_hat:u_n shape: (2, 36)
solve_u_hat:u_n shape: (2, 36)
u_hat shape (2, 36)
u_n vector: [[nan nan nan nan nan nan nan nan nan nan nan nan nan nan nan nan nan nan
  nan nan nan nan nan nan nan nan nan nan nan nan nan nan nan nan nan nan]
 [nan nan nan nan nan nan nan nan nan nan nan nan nan nan nan nan nan nan
  nan nan nan nan nan nan nan nan nan nan nan nan nan nan nan nan nan nan]]
i:  4
u_n shape: (2, 36) (2, 36)
solve_u_hat:u_n shape: (2, 36)
solve_u_hat:u_n shape: (2, 36)
u_hat shape (2, 36)
u_n vector: [[nan nan nan nan nan nan nan nan nan nan nan nan nan nan nan nan nan nan
  nan nan nan nan nan nan nan nan nan nan nan nan nan nan nan nan nan nan]
 [nan nan nan nan nan nan nan nan nan nan nan nan nan nan nan nan nan nan
  nan nan nan nan nan nan nan nan nan nan nan nan nan nan nan nan nan nan]]
i 0
solve_u_hat:u_n shape: (2, 36)
solve_u_hat:u_n shape: (2, 36)
u_hat shape (2, 36)
i 1
solve_u_hat:u_n shape: (2, 36)
solve_u_hat:u_n shape: (2, 36)
u_hat shape (2, 36)
i 2
solve_u_hat:u_n shape: (2, 36)
solve_u_hat:u_n shape: (2, 36)
u_hat shape (2, 36)
i 3
solve_u_hat:u_n shape: (2, 36)
solve_u_hat:u_n shape: (2, 36)
u_hat shape (2, 36)
i 4
solve_u_hat:u_n shape: (2, 36)
solve_u_hat:u_n shape: (2, 36)
u_hat shape (2, 36)
i 5
solve_u_hat:u_n shape: (2, 36)
solve_u_hat:u_n shape: (2, 36)
u_hat shape (2, 36)
i 6
solve_u_hat:u_n shape: (2, 36)
solve_u_hat:u_n shape: (2, 36)
u_hat shape (2, 36)
i 7
solve_u_hat:u_n shape: (2, 36)
solve_u_hat:u_n shape: (2, 36)
u_hat shape (2, 36)
i 8
solve_u_hat:u_n shape: (2, 36)
solve_u_hat:u_n shape: (2, 36)
u_hat shape (2, 36)
