solve_u_hat:u_n shape: (2, 400)
solve_u_hat:u_n shape: (2, 400)
i:  1
u_n shape: (2, 400) (2, 400)
solve_u_hat:u_n shape: (2, 400)
solve_u_hat:u_n shape: (2, 400)
u_hat shape (2, 400)
u_n vector: [[  2898833.02761424   1666870.1113969   -1388642.85962427
   -1369168.16566072   1266358.0380701    1182014.5275333
   -2022873.18140927  -2202768.69269299    713983.11870631
    3192516.52010939   1987390.6002354    -302249.77037955
   -1152888.02100794   -641441.34834125   1043065.74254262
     335197.72081185  -1458651.62732068  -1241516.84681897
    1596550.22680488   2954737.77982632   4315158.94481088
    3788542.92386881    316212.60584561  -1569113.14215357
    -921986.86241586  -1762485.68897071  -3041121.34070585
   -2812402.22140105    925609.17454834   3451175.07983329
    2899650.42635817  -1371550.74322779  -2541035.13679279
   -2097612.9096541    -476457.76896747     74665.90297083
    -490918.92984295   1346491.07469854   3190105.42706727
    3415875.29725131   4711370.73362206   5187955.48454433
    1833277.70559713  -1475400.79911183  -2133983.86904612
   -2707514.8278802   -2828247.88482853  -1292571.16452712
    1821800.68094297   3059220.29112483   2763235.7793762
     -11783.44162833   -913954.11241433  -2630448.57826144
   -2176185.90842876   -425593.4451576     674390.24130371
    2187731.65363577   2695827.26050907   1810979.9564947
     917478.09292002    943879.29045394     48087.95458462
   -1472292.75791579   -715908.68814888    323916.1226341
    1374129.14708708   -163899.16573044    391164.26161128
   -1136585.44653308  -1347766.6515178    -844608.31720712
    1168244.3331913    1412996.01510921   -156816.98820668
     190615.26203865    505043.86105435    628797.66814709
    -970157.28306157  -2439749.69888719  -3721804.91180144
   -3749598.1754597   -1393970.86089132    341775.82682949
    1629033.54092582   2835940.12522075   4878492.1639884
    3064633.48316763  -1818307.22541679  -3932344.87437652
   -3717339.75969205    158618.09078729   5086777.28666042
    3341395.10147723   -566726.67648441   -980963.30992098
    1384146.47290994     42332.31330918  -2664393.65053189
   -5196552.35296142  -4705572.67578264  -4627199.30443018
    -299966.52451442    921989.66790568    636954.39750479
    -660911.56479653    994121.718412     1218532.42205252
    -525641.28683153  -5328395.95720644  -4221945.25104091
   -1188664.45211126   4026482.82087282   2152223.91024161
   -1778602.90054553  -3048515.73557972   1215788.43837248
    1165727.04489867  -2744831.75940665  -6066109.81476508
   -2642809.26626522   -677347.10511397   3697577.87880599
    3068605.52092527  -1182497.1476135   -4849397.55994592
   -2670601.55970977    -24020.31627037   1320447.87941639
      74785.60007044   -609559.09082814    781560.12991198
    4468650.16226914  -1324726.01341332  -4722133.10930495
   -2162890.5109975    2690318.14827807   2702480.36353994
    5616920.79885037    685762.43265364   1336177.47384957
     612030.19435474   4367042.61532991   2224852.00019937
   -1891840.09082346  -6267474.84465253  -4487970.6515603
    -266751.22634392   3103158.9197202    3372563.81493029
    2200387.34950166  -3258602.55245954  -2030156.12934681
    1495456.47931933  -1328644.92781322   -817494.83296369
      83466.78473883   3091998.28540178   4909604.98373686
    7056223.49664622   2329017.38426835    205124.15467062
     281824.16786403    600821.66510194    941500.96783703
   -1319386.42219212    313520.697867     1537469.32866577
    2293029.78949263   3720691.64265572   3491879.64789511
    -106398.56581398  -5132603.79591706   -964647.46205725
     942735.8424792    1416559.11573893  -1894529.25095709
   -1249770.60286608   3110515.31652807   3541869.94143096
    -887869.87734286  -2434375.09509398  -3244144.85326878
   -1538963.86929486   2511186.39316809   3552457.87731305
    3884784.37078822    984494.64483696  -1594472.29922741
   -1718623.86629885   -701088.86066149  -1284412.65723101
   -2425570.44033043   1844049.80576935   3514624.39484227
    5423511.72650311  -1308789.74776107  -5227721.50473979
   -4360092.36195477  -1951790.9564704   -1393232.18787729
   -3985458.56737099  -3144210.18059234  -2145392.9540362
    2198044.1107563    4384559.13392346   3403317.57372421
   -1395294.11866746  -3826110.1715225   -4141765.54780467
   -1562349.09543922   1349323.49653457   -675217.19328519
     604910.21990426   -883977.96595585   2263187.26555358
    1674863.44867611  -3369401.07481804  -5872519.73057414
   -4057542.91123395   1191634.37889127   1854306.04620088
     653470.24379128  -1665007.61255643   -144995.22588991
    1256762.59023326   1192432.7921735   -1538896.22108952
   -3144989.58194934   -398484.27058176   3178445.41194599
    3202560.25913775   1330884.17829906    467223.42786229
   -1557942.4239992    -253408.90375995   2699163.68542066
    1142806.78850217   -858278.82369737  -1274326.80861406
    3212308.29625995   4987016.04760021   2745398.03289853
   -2133053.12733978  -3691982.75470538  -3040985.2777866
   -1334018.95004345   -611089.30803266   1514003.49119563
    2875626.52572231   5414323.70273644   5910674.64404662
    -824433.33128277  -3773843.20392472  -5513039.9169918
   -2474962.80923711   3259150.11356292   5253617.98886731
    3940209.5274247    1701661.99114941   1304354.71079657
    2831597.06369214   1081093.31732115    -90165.91876234
   -1825045.71842164  -2908078.13035262   -538231.81325798
    1783612.67240582   3495172.86413583   1140362.87908789
     617497.00719698   3893761.33435593  -1039141.7821717
   -2276925.56077523  -3887880.04724482  -2815757.6498001
    1038663.86212796   3351844.87986546   2817326.6185489
    1046472.25203816  -2633754.19393767  -1869995.52416086
    -472190.73117665   1086678.41046742  -1007792.27264057
   -1776805.75242292    739393.99337707   4834848.55893814
     319721.32858836  -4097530.38513869  -6050677.24646004
   -2784375.13836562   3280309.75845013   2623539.3330299
    3284072.32956625     97798.40966223  -1461003.98627932
   -1980216.98181086  -2242101.42323644  -1849899.15623916
   -4620688.04002972  -4757360.75578303  -1714986.44835425
    2991421.90847229   1895196.19494372    956010.72686918
    1467288.5349472    1335664.44602098  -1427162.82786643
   -2911424.03472143  -5061865.54336698  -3832703.80219515
    1290786.16796542   5785952.25677894   5393337.83872631
    1508991.33782687  -2581383.4155319   -3928628.59317503
   -3809861.79034338  -2881189.73416785  -4147140.31787243
   -4471381.10120945   1536492.00132739   3969603.82294474
    1607854.0169717   -1951413.82560441  -2474637.78602681
    -946631.29261238    815393.33774959   1671387.77599228
     702646.62423321   -209625.34698108    286021.54388177
    1812710.27831855   1940758.45084726     20485.47106435
   -1763246.86196516  -1026702.19562722    909873.58117734
     918283.12796844  -1180215.68304595    184729.80585944
    2721101.20454406   2773483.59766832  -1576383.27790464
   -2908576.10872952  -3086101.32145265  -1988345.57786344
    1802236.80245726   4961954.02585604   4281164.72324416
     862773.59084949  -2912889.56713313  -4329656.52172817
   -3472700.89920433  -1423174.81498495    366282.46379706
    2677570.66515392   5017663.88443367   4387359.30046169
    6412519.7148009    3492761.96470785  -4649502.97733532
  -10172716.56958175  -1687813.9489851    8065411.15229662
    6711251.57769704    214147.75872699  -4491729.50932295
   -4633137.62474589  -1302420.68894313   2257156.42425557
    2193457.5462504    1359021.30480971   2043675.900742
    3328084.02313103   1885679.54791604  -3367115.57561061
   -6025845.09475323  -4092817.85564852   -274220.98943112
     680741.46670888   1709113.74466852   1874156.52537362
     -30468.61012562  -2470124.51638517  -2675535.11316707
    -867841.82182092   1399341.44889973   2625394.22274827
    1849829.21188531   -117103.577562    -1924772.55568027
   -2965514.79043792  -2910736.83399154  -1721799.0609309
     518490.76633471   2711554.81022857   3596842.3376857
    2698929.24158147]
 [ -3108877.32636756  -2287740.24976811   1419675.0355571
    5493607.13303011   3921011.98265835  -1782081.21859776
   -4460191.78650654  -1874255.40085434    942105.46336574
     230501.19454928  -1389039.44236861    295697.66094685
    3309117.33459154   3033402.73119088   -764664.25095825
   -4373297.90054699  -3275166.44512136    922968.21041515
    2872253.08193257   2723720.29920341  -4340840.2425849
   -4433698.35675699    -72790.3756549    6934113.67202148
    5192845.69617351  -2484207.72159527  -6117209.69192975
   -2200217.02561157   3999434.00647101   -303671.46070811
   -3194155.04430152  -4999938.61296913   3039937.49953121
    5254023.48187448   -363370.2714293   -4981422.5958796
   -4046609.33114192   4726194.69070127   4965244.49658071
    4081907.85222484  -3942294.72184812  -6272718.0415716
   -4226099.89992146   4255112.84264147   4116794.87945592
   -3856950.86288783  -6274752.1123147    1747503.96992544
    8884311.39950249   1983695.74512814  -4037047.37565596
   -5108150.85042261   4136901.9130351    5119557.5947926
     -19398.45137687  -4305473.95343265  -3271163.53411631
    4577842.49539824   4544038.34299696   3170363.91197306
   -3435653.4332143   -7201629.93394859  -6777090.9592406
    2479824.00930879   3937737.36845171  -1260239.25783724
   -4884914.58100591    775465.71863879   8085063.61389238
     777533.66974275  -6320880.6351712   -6949442.05830661
     821905.03482224   6123299.02471775   1520651.36769623
   -2382388.72767528  -1436433.43277315   5814696.91008432
    4592592.41278144   1616902.65108903  -3779997.49495186
   -7017814.69837294  -6530771.34298017   3408880.27961933
    3530596.71787544  -1914282.05884967  -4168780.8061345
    1321436.29448876   3963991.0658321     278604.83928338
   -3784208.83558598  -2666148.54548033   3932595.77812151
    3428560.0256376   -1191434.68684133  -3248424.68180628
    2305073.29844193   3105431.22555144   3949932.97541842
     227500.26940302  -3496465.2165511   -6438340.99348053
   -2457839.09035175   3992477.23693886   6627100.58562557
   -1519335.31389336  -4653889.25850463  -2389348.32221253
    1532118.24787102  -5108119.1630014   -2329010.12966289
   -1123726.26119389   4000140.84616458    487580.34632632
   -2408647.24069121  -5568647.38761936   -898578.92601942
   -1807968.21587851   -513169.94110898  -2845167.26471175
   -2486359.24359269  -2513987.16331926   1276171.44935454
    4357458.91763287   3552015.74742728  -1265010.80457353
   -1777227.26756127   -240005.56840561    640575.42996681
   -3726782.33805853   2323617.17177385   5220403.90524217
   10227262.73532545  -2227773.55064617  -4111886.68700535
    -697533.30028599   4907921.79199517   -584273.80081477
    7900925.01792269  -6708867.94103076    767926.16800253
   -4658695.12172807   -284062.72775235    540805.20720966
   -1244481.49154947  -4958064.89016272    128039.04734136
    2503232.88653083   1410891.71990151  -5635761.67421351
   -1290869.47884056  -3345940.25262453   3087358.63461907
    4838239.01353545  -3606972.4063176    1410973.42101516
    4034834.25626497   6125744.94506316  -2270215.03495607
   -2645137.16614813    532942.57741854    698359.39565905
     -39033.9816974    -665993.65895978  -2595411.65034855
   -3541083.52698965   3315161.07126004   6432968.9592841
    4381135.72629087  -4473274.37684565  -4170980.73386614
    1476684.00348987  -3084410.12891607  -2203834.85884044
   -7997807.49959651   1014969.78314569   3798610.71966698
    4612996.80751715   1377495.22939593  -2937931.20455917
   -2081738.97824518    567709.54284476    180970.41650599
     -46937.76843795  -3207961.12992011  -4421612.61929738
    -115069.79258731   8374294.13617588   3277564.00950547
   -3657224.54878914  -5099689.34733562   -931729.41476195
    2287464.50142991   3679049.12582684   -920112.17172405
    4794847.2352578    1100915.13074793   3997268.66856068
    2399075.62604124   -898081.58030928  -4165967.49136885
   -1172144.30667403   1484901.73935311   4952488.66416535
    1806843.52075485  -2818119.84541398  -1304708.39262594
    2450014.70941496   3786359.77731685  -3067814.59432439
   -3827886.69400366  -1653904.9818463    2946879.12126917
    3765371.78162878  -6473391.53590075  -4076204.45788436
   -3005556.27692036   1685675.20811296   2886556.88439785
    1737251.74825737  -4675870.60753699  -2756306.51939075
     489513.42217247   6652888.31054738   3379176.91873923
   -2635849.4571804   -5133850.30615907  -1065530.64647894
     774939.97052068   1753241.40888344  -2169516.73437137
     544259.40847406   2774925.4193172    4709835.15317878
     749440.70772778  -4914651.84621987  -5001897.26225
   -1862321.43855034   1780959.30482691   2546674.74359474
   -3318473.71832288  -3847376.96671708  -2286710.73226383
    6230925.32947489   2329969.94977207   -834003.42271772
   -5439170.94779175   -706681.99575511   3314931.22382249
    1991889.5859664    1500651.13355571  -2905160.41583008
   -3669724.8650284     550615.70231083   2480813.15570321
     -54703.9893527    -209633.50253277  -1675083.57894618
    -344401.73525073    837985.85883576  -1080913.73707559
   -3589482.52002308  -3157175.43003089   1633063.49923917
     763288.44601036    107080.9921763   -2172873.68780584
    -398932.88330997    772310.55663757   4663759.12529991
     708728.32128222   2810978.95756968  -4252370.58422298
    -932247.726247     2333831.73496601   3206357.67832224
    2726117.86380121   -603089.20384136  -1782962.17365248
   -2013363.17698158   -445190.49382901  -3939437.58119542
   -5108315.60419622  -1990164.01315922    641492.42086736
    2451914.45723511  -2340168.18681065  -2526257.91451238
    -558680.67279298   1126116.95963414    369788.68592457
   -1847052.13841363    431414.70411809  -2448819.86120956
    3832616.06552652   4704898.71106198   4511023.02827919
      67760.27834421  -2099514.82368903  -2611724.43545819
    -821423.52104883  -1308127.93552644    121412.10138311
     635169.14606385   1847185.22439572   1764957.74298427
    1025612.74862363   -722618.96883798   -251654.76003811
   -1884649.3563064    2088543.93928194   1042384.07942546
    2009706.41989733  -1862821.16851344   -907820.26359684
    -166206.44591616    643792.61000711   -534845.68436701
   -1684593.73971547  -1163762.81464853   -888626.86192581
    3019857.11110024   3157605.17356044   1993223.41505477
    -942343.82855827    330912.95040019   1000525.64573031
   -1447647.89157524  -4112074.55672526  -4848336.56163772
     542787.33845203   4976062.21013212   4705372.1231774
     664794.58070291  -2159677.93796878  -3594351.23998479
   -1393251.05199065  -1252506.20891268   2152873.44486144
    -640675.14000388    823489.94895411   4064619.60972033
    5766592.74942808    777586.4444326   -2844671.79517165
   -2062919.55472474   1012400.60965284   2818516.42220635
     -84461.45977878  -3122446.37190429  -1118530.39507228
    3479153.13350546   3179563.68744961    653273.91794143
   -2605765.27121185  -2025085.83881647   -462967.82892538
     182445.92475351    392875.40143467   -414240.03157638
    1837630.15080229   6027589.95564713   5353839.30961314
     839589.82492406  -7199982.67759043  -7571739.79980387
    2397133.32457544   5162660.12405131   2262272.24563982
   -2497677.9581229   -3206270.31681069  -1380400.99367223
     422630.76169581    -99504.2040145    -853780.72323495
     497530.87851889   5053315.41848545   3508591.06887571
    1550328.88666081  -1903271.10440048   1873777.53154114
    3480636.52787411   3335056.99785841  -1849390.03760482
   -5485726.77000967  -2892212.42089015   2167601.66727624
    4549927.8979541    3041278.92324983   -357183.37560481
   -2766997.5828797   -2816099.22826149  -1575455.59409215
    -540390.19377015    411895.28070628   1916078.80350803
    3533782.68082409   3241464.83617625    209734.11652492
   -1849548.64830447]]
i:  2
u_n shape: (2, 400) (2, 400)
solve_u_hat:u_n shape: (2, 400)
solve_u_hat:u_n shape: (2, 400)
u_hat shape (2, 400)
u_n vector: [[-4.31610196e+43 -2.68518700e+44 -4.10263602e+44 -2.68014116e+44
  -5.17789769e+43 -3.82235870e+43 -1.61069155e+43  9.24250156e+43
   1.64974940e+44  2.03339989e+44  1.98823746e+44  4.20757542e+44
   6.86783078e+44  3.79566082e+44 -8.66879436e+43 -2.15935958e+44
   1.47524347e+44  1.31789389e+44 -3.56032822e+44 -8.44907905e+44
  -1.17469707e+44 -5.05943458e+44 -7.44362090e+44 -5.09892919e+44
  -3.05750074e+44 -8.32906821e+43  5.29369699e+43  3.30664586e+44
   4.19147828e+44  1.22936878e+44 -2.50569405e+44  2.00035950e+44
   4.80603239e+44  7.05177909e+44  2.93074893e+43 -2.18083531e+44
  -5.44726176e+44 -4.83373974e+44 -9.56968618e+44 -7.38128042e+44
  -9.47117950e+43 -5.15299433e+44 -5.55824094e+44 -4.40719739e+44
  -1.84869504e+44 -1.63613295e+44  1.18273904e+44  4.16105968e+44
   5.20916719e+44 -3.96237763e+43 -5.43695641e+44 -4.97224776e+44
   2.62816981e+44  7.96523322e+44  6.04698388e+44 -1.36094304e+44
  -6.95277506e+44 -8.69135624e+44 -7.56311472e+44 -4.66751458e+44
   3.41155036e+44  2.64250968e+44  2.46678067e+44  3.42777277e+44
   1.51786071e+44 -7.28057390e+43 -4.07939356e+44  8.12727912e+43
   1.43850692e+44 -3.16020051e+43 -9.11409344e+44 -9.33445654e+44
  -6.75535471e+44  2.45347172e+44  1.84131275e+44  4.28850092e+42
  -4.22572886e+44  2.68859305e+43  1.85672852e+44  4.44186785e+44
   3.41678071e+44  1.90802697e+44  4.95881137e+44  3.67326848e+44
   4.29948118e+44 -4.21918893e+44 -5.92310755e+44 -5.47685309e+44
   1.08550012e+44  2.57498665e+44 -1.24191653e+44 -5.60170953e+44
  -4.50180966e+44 -2.12303462e+44 -2.98444652e+43 -7.26390762e+43
   1.52947413e+44  6.73995698e+44  1.22307794e+45  1.05181168e+45
  -2.15455588e+42 -1.66877235e+44 -1.65818901e+44  9.05283128e+43
   2.04888587e+44 -1.00294344e+44 -5.74297667e+44 -5.20945008e+44
   8.20452867e+42  5.90987287e+44  4.12511542e+44  2.74212680e+44
  -1.77098724e+44 -6.44229783e+43 -3.49000316e+44 -2.42252726e+44
  -2.91451759e+44  2.23076051e+44  4.01824200e+44  4.60940000e+44
  -2.46715515e+44 -8.55821712e+44 -7.47761671e+44 -5.95231337e+44
   8.90017982e+43  4.73434470e+43 -4.77975536e+42 -3.08846587e+44
   3.24951232e+43  5.09023671e+44  5.86295447e+44  4.01287816e+44
   2.60713582e+44  1.12929287e+44 -4.48790303e+43 -1.82598130e+44
  -3.64293674e+44 -6.46017690e+44 -7.62765762e+44 -5.55309556e+44
   5.03932456e+43 -1.86641494e+44 -4.67762791e+44 -3.40435440e+44
   1.31232134e+44  5.56646000e+44  3.96094457e+44  2.94943162e+43
  -2.78161862e+44 -1.99232516e+44 -3.34031561e+44  4.41286168e+43
  -2.12598600e+44 -1.73812355e+43 -3.67944712e+43  2.91913170e+44
  -4.88766587e+43 -4.79910625e+44 -1.17704623e+45 -8.73679116e+44
   5.31319200e+44  3.19060738e+44  2.49452958e+44 -2.33413523e+44
   6.49433834e+43  1.73514543e+44  3.52689510e+44 -2.11976999e+44
  -5.30930925e+44 -8.82720003e+44 -4.46687832e+44 -2.59173422e+44
  -2.46195275e+44 -2.95343767e+44  3.90282221e+43  5.10825242e+44
   8.04179225e+44  4.09213501e+44 -1.27997242e+44 -3.50640741e+44
   5.29952767e+44  7.30385649e+44  4.78236995e+44 -1.60392760e+43
  -2.46827074e+44 -1.94235882e+44  3.57335268e+43  1.22094966e+43
  -2.80432252e+44 -3.75555115e+44 -2.37856750e+44  5.41751138e+43
  -2.58247786e+44 -3.37493029e+44 -5.26423516e+44  1.02787950e+44
   4.36689241e+44  8.29783118e+44  4.53320671e+44  2.74228728e+44
  -8.28535976e+43 -2.58078743e+44  7.52263359e+43 -3.51978180e+44
  -5.08366303e+44 -6.64083195e+44 -3.30656361e+43  2.47207853e+44
   4.37426765e+44  2.93240751e+44  2.68060138e+44  4.30562379e+44
   3.31911458e+44 -1.37538340e+44 -5.51369721e+44 -6.71846083e+44
  -3.33361377e+44  6.10102696e+43  3.89092815e+44  3.30010801e+44
  -7.31419357e+44 -6.61782742e+44 -1.05174279e+44  4.23895824e+43
  -1.35155346e+44 -3.10112702e+44  1.00069776e+44  5.21931260e+44
   8.73756118e+44  3.86172731e+44  1.44791350e+44  1.42710687e+44
   2.33795781e+44  3.56807634e+44 -3.54607848e+44 -6.47264061e+44
  -1.04733689e+45 -6.37154607e+44 -3.52401082e+44  2.33278426e+43
  -7.47279316e+44 -8.01864771e+44  1.40031643e+44  4.03525899e+44
   3.89736665e+44 -2.46984710e+44 -1.83547044e+44 -1.29462642e+44
   1.39294589e+44 -2.23732066e+44 -4.53144506e+44 -5.83044793e+44
  -3.74220799e+43  5.43242067e+44  6.12255307e+44  2.89608494e+44
  -3.01069385e+44 -4.38713321e+44 -2.91244786e+44 -7.81954467e+43
  -3.25825473e+44 -5.16052237e+43  5.26458551e+44  7.33881318e+44
   5.88414298e+44  5.16302668e+42 -2.95844015e+44 -5.29263264e+44
  -2.82697112e+44 -2.40121158e+44 -2.49302934e+44 -5.81467994e+44
  -3.58097387e+44  1.14590814e+44  5.85881799e+44  7.58808393e+44
   2.49538916e+44  1.91913686e+44 -4.36947948e+43  9.90287421e+43
   2.05249763e+44  2.10899553e+44  2.32186556e+44 -9.03275524e+43
  -8.31979049e+42 -1.76714838e+44 -2.23089858e+44 -6.46264935e+44
  -2.35484662e+44  6.90874104e+43  4.89652644e+44  1.33769859e+44
  -4.03688758e+44 -4.90924716e+44 -1.01411383e+44  3.15553789e+44
   4.16506154e+44  3.77360448e+44  2.25350450e+44  1.85362671e+44
   4.39624050e+44  3.22286494e+44 -3.43624313e+44 -8.24622690e+44
  -5.36516985e+44  1.16892371e+44  4.12588401e+44  1.44699581e+44
   1.62138939e+44  4.87129053e+44  1.10388961e+45  8.36474496e+44
   1.56415977e+44 -7.04984633e+44 -7.66808022e+44 -3.27918055e+44
  -2.42087190e+44 -1.93432738e+44 -2.38142441e+44  6.14366819e+42
   4.56635732e+44  1.32039253e+44 -4.91941053e+44 -1.09828881e+45
  -5.20705980e+44  2.98033999e+44  8.31592099e+44  1.76739664e+44
  -3.25997190e+44 -3.73186144e+44  4.38490165e+44  6.49807666e+44
   2.27825976e+44 -3.33299514e+44 -3.54427217e+44 -1.61905793e+44
  -2.39661150e+44 -4.04702850e+44 -3.45994347e+44 -4.62355126e+43
   3.14331778e+44  3.05990648e+44 -5.44992600e+43 -3.21735957e+44
  -3.24293631e+43  5.55938641e+44  7.01988880e+44  1.27386364e+43
  -8.12661769e+44 -1.09312728e+45 -5.04774618e+44  2.73435444e+43
   1.84366689e+44  2.31569735e+44  3.54286889e+44  4.86619870e+44
   1.62536164e+44 -8.42329265e+43 -1.22125351e+44  1.17696260e+43
  -1.38481616e+45 -8.01956907e+44  8.66794006e+44  8.45987701e+44
  -3.06974775e+44 -1.39565740e+45 -7.38357619e+44  3.02847268e+44
   1.04254721e+45  7.67137440e+44  4.92663417e+44 -4.46235715e+44
  -5.90608851e+44 -4.11253826e+44  1.06150617e+44 -4.20899097e+43
  -6.73201626e+44 -4.37939409e+44  2.98313569e+44  6.79167621e+44
   1.80216114e+44  2.50492932e+44  9.91866178e+43  8.36316702e+43
   2.32862010e+44  3.92584639e+44  2.41160340e+44 -1.94648242e+44
  -6.55236775e+44 -7.46605905e+44 -5.35795854e+44 -1.29559345e+44
   1.70329734e+44  3.14414655e+44  4.17976960e+44  4.21435075e+44
   3.67513124e+44  2.25445330e+44  5.85144554e+43 -1.20391222e+43]
 [ 1.21867607e+44  6.61604676e+43  5.52584387e+43  4.19488203e+42
  -2.22682895e+44 -3.89875911e+44 -2.98844149e+44 -4.24041661e+43
   1.04865216e+44  1.14095171e+44  1.65363092e+44 -2.20273653e+43
  -4.40337159e+44 -4.93151196e+44  2.33600347e+44  1.07530356e+45
   9.56734490e+44 -8.56848525e+43 -8.08298909e+44 -8.40036638e+44
  -1.03490073e+44 -1.17011649e+44  3.60189174e+44  1.92134054e+44
   2.54274182e+44 -3.63262306e+44  8.29700304e+43  4.83083622e+43
   4.20450361e+44  1.31562182e+44  1.12133444e+45  2.21581324e+44
   3.65377799e+44 -8.81100103e+44  7.92572271e+44  1.19188638e+45
   1.98573085e+45 -3.37920773e+44 -4.34201689e+44 -1.32891172e+45
  -6.52746361e+44 -1.34864437e+44  6.01870250e+43  7.07601157e+44
   2.03991074e+44  1.99729257e+44  1.11838322e+44  3.65201706e+44
  -1.03140833e+44 -2.05931387e+44  2.40826016e+44  7.72274305e+44
   6.32073710e+43 -8.58987997e+44 -6.89532657e+44  4.80949965e+44
   6.90950908e+44 -5.17093801e+44 -1.06343134e+45 -8.45056769e+44
  -7.83706105e+44 -5.73927725e+44  1.71125201e+44  5.55614637e+44
   6.26803686e+44 -6.26350208e+43  9.81816836e+44  4.52315248e+44
   3.61230427e+44 -9.36054667e+44  6.96672714e+44  1.02972087e+45
   1.65918915e+45 -5.38066029e+44 -1.77179323e+44 -1.07815118e+44
   1.25719839e+45 -3.98672726e+44 -5.98781428e+43 -7.48757633e+44
  -8.00094675e+44  2.73072543e+44  1.38141173e+44  1.34139204e+45
  -2.09636548e+44  5.05032971e+44  2.58737482e+44  1.24948808e+45
  -2.17700218e+44 -1.12609493e+45 -6.60360293e+44  1.41183864e+45
   1.24016020e+45 -1.11128873e+44 -9.30540926e+44 -2.09577750e+43
   7.14331659e+44  3.76434493e+44 -6.45308142e+44 -7.55848593e+44
  -6.27893906e+44 -4.21425308e+44  1.97964975e+44  4.87264478e+44
  -5.85469397e+44 -1.09127012e+45  1.37533081e+44  1.15412358e+45
   4.15877857e+44 -1.16648733e+45 -3.80918036e+44  7.03463334e+44
   2.29310142e+45 -1.18645385e+44 -2.96164298e+44  7.44418872e+43
   1.73839930e+45  6.70756506e+44 -1.47162020e+44 -1.09244356e+45
  -1.12723268e+45  2.17988132e+44  3.94194477e+44  1.54394010e+45
  -4.01594673e+44 -5.82811277e+44 -1.58145227e+44  1.72060606e+45
   8.97072665e+44 -1.07429151e+45 -9.77627586e+44  3.21187959e+44
   9.01060285e+44 -2.81182336e+44 -1.10975191e+45  5.70677645e+43
   1.18158496e+45  8.47701706e+44 -4.06085179e+44 -8.83753962e+44
  -1.32421126e+45 -9.22375729e+44  4.84680609e+44  1.32574048e+45
   2.39780107e+44 -1.18618884e+45 -6.77115812e+43  1.19061264e+45
   1.38891416e+45 -6.15223794e+44  7.29577255e+43  3.76247384e+44
   1.41147118e+45 -4.23721443e+44 -5.93208243e+44 -2.47936374e+44
   1.32259289e+45  2.70827369e+44  3.73873995e+43 -6.78118262e+44
  -1.60125157e+45 -2.70991644e+44  2.37644436e+44  2.14889844e+45
   4.98747020e+44 -4.39434027e+44 -6.86520979e+44  1.29472229e+45
   6.67249551e+44  2.06058518e+44 -7.35686464e+44  8.11071603e+44
   8.37982430e+44 -5.23101790e+43 -8.00865411e+44  1.28384524e+44
   4.09303598e+44 -1.55981715e+44 -7.97594396e+44 -5.71206993e+44
  -1.19269003e+45 -1.20409389e+45 -1.86987452e+44  1.14146055e+45
   3.35949953e+44 -8.98216861e+44 -8.70451152e+44  3.05817969e+44
   3.51386708e+44 -5.33336287e+44 -6.10497126e+43  5.76382259e+44
   1.41783581e+45 -1.38533697e+44  3.24618209e+44  5.17097957e+44
   1.32600256e+45 -6.59752634e+44 -6.82967400e+44 -1.12565989e+45
  -1.20114881e+45 -3.36100598e+44 -5.10862103e+44  1.38378209e+45
   3.20653355e+44 -2.43423498e+43 -4.80909518e+44  7.56967989e+44
   2.79952137e+44 -6.81349957e+44 -3.06522769e+44  6.90533655e+44
   4.46760601e+44 -3.23421603e+44 -3.59518659e+44  1.07591534e+45
   1.13898928e+45 -2.10160242e+44 -1.35335345e+45 -1.27938248e+45
  -9.91275333e+44 -1.04599479e+45 -5.27389191e+44  5.58493727e+44
   2.38363505e+43 -4.21319218e+44 -1.51090241e+44  7.78907663e+44
  -3.75832113e+44 -7.04531526e+44 -7.52011971e+44  6.43073490e+44
   9.07354098e+44 -1.02103328e+45 -1.66447879e+44  7.37308113e+44
   2.10377709e+45  6.12910513e+43 -5.46509226e+44 -1.24589809e+45
  -1.06264544e+45 -1.66841331e+43  1.92481356e+44  1.38407520e+45
  -3.13003687e+43  1.54361999e+44  3.52091450e+44  1.72343518e+45
   1.44779170e+44 -5.95848095e+44 -5.50172230e+44  9.07478545e+44
   6.60792258e+44 -8.37263575e+44 -1.36254499e+45 -1.00421852e+44
   1.14767349e+45  1.25569370e+44 -6.92022709e+44 -8.32936440e+44
  -6.94520126e+44 -1.57538480e+44  6.39180960e+44  8.09577298e+44
  -6.96595841e+44 -9.93492654e+44 -3.28578896e+44  1.10179156e+45
  -1.50730114e+44 -1.29901601e+45 -1.11111610e+45  1.06024002e+45
   7.95188827e+44 -3.70603887e+44 -8.36255644e+44 -1.76628923e+44
   1.44505577e+45  7.23455848e+43 -1.36529147e+44 -8.23507947e+44
  -5.13594000e+44  5.20710983e+44  9.77965936e+44  1.19690990e+45
  -7.62535821e+44 -8.20933381e+44 -1.82561747e+44  1.84566802e+45
   4.36796359e+44 -4.49060238e+44 -8.92073907e+44  9.20398758e+44
   1.35703674e+45 -3.47937157e+43 -7.17344751e+44 -1.77395563e+43
   5.80936056e+44 -2.52915982e+44 -7.84813029e+44 -8.59485636e+44
  -4.22195979e+44 -1.30490387e+44  5.93890095e+44  5.68634801e+44
  -6.39466511e+44 -1.20679783e+45 -3.18088054e+44  1.09028288e+45
   3.80492745e+44 -5.74454168e+44 -1.22088403e+45  1.66639554e+44
   1.21502461e+44 -6.74666899e+43 -2.03489187e+44  3.41135309e+44
   9.39628219e+44 -1.18780143e+44 -4.39312574e+44 -9.07281695e+44
  -7.51188628e+44 -2.63189035e+44 -1.67541852e+44  9.93302371e+44
   1.78659784e+44  5.36749917e+43 -1.55256258e+44  1.28396493e+45
   7.81689223e+44  4.56147871e+44 -5.44517014e+44 -1.35445308e+44
  -1.84346136e+44 -4.89838939e+44 -3.40387770e+44  5.10001458e+44
   7.15316803e+44 -2.24492213e+44 -5.85191619e+44 -5.96150801e+44
  -8.19764196e+44 -1.07787778e+45 -6.88357711e+44  5.40023993e+44
   7.86573254e+44  1.46533891e+44 -4.25586918e+44 -6.74267767e+43
   8.29251615e+43  1.88344422e+44  5.50599908e+43 -4.38248518e+43
  -4.43575018e+44 -6.49214149e+44 -1.07458694e+44  4.55893397e+44
   7.95381961e+44 -2.25105180e+44 -4.75818556e+44 -3.11494318e+44
  -7.69527081e+44 -5.76105050e+44 -7.95168168e+44  1.01666491e+45
   1.05627550e+45  7.71410894e+44 -6.98983183e+44 -4.88914353e+44
  -3.23545381e+44  9.92354453e+44  5.76796492e+44  1.18602465e+45
   1.89558950e+43 -1.92501368e+44 -8.52845668e+43  6.93310902e+43
   1.44308048e+44 -5.97843080e+44 -4.89082763e+44 -3.05388211e+44
  -3.14486722e+44 -5.86788460e+44 -4.80920852e+44  3.15865353e+44
   6.82355049e+44  1.42143477e+44 -6.43447029e+44 -8.56879612e+44
  -4.38084709e+44  1.80918438e+44  5.96727246e+44  5.64089911e+44
   2.31485418e+44 -2.43910955e+43  1.05938010e+43  1.61740851e+44
  -2.61042818e+43 -3.73291275e+44 -3.63577537e+44 -2.23247683e+44]]
i:  3
u_n shape: (2, 400) (2, 400)
solve_u_hat:u_n shape: (2, 400)
solve_u_hat:u_n shape: (2, 400)
u_hat shape (2, 400)
u_n vector: [[nan nan nan nan nan nan nan nan nan nan nan nan nan nan nan nan nan nan
  nan nan nan nan nan nan nan nan nan nan nan nan nan nan nan nan nan nan
  nan nan nan nan nan nan nan nan nan nan nan nan nan nan nan nan nan nan
  nan nan nan nan nan nan nan nan nan nan nan nan nan nan nan nan nan nan
  nan nan nan nan nan nan nan nan nan nan nan nan nan nan nan nan nan nan
  nan nan nan nan nan nan nan nan nan nan nan nan nan nan nan nan nan nan
  nan nan nan nan nan nan nan nan nan nan nan nan nan nan nan nan nan nan
  nan nan nan nan nan nan nan nan nan nan nan nan nan nan nan nan nan nan
  nan nan nan nan nan nan nan nan nan nan nan nan nan nan nan nan nan nan
  nan nan nan nan nan nan nan nan nan nan nan nan nan nan nan nan nan nan
  nan nan nan nan nan nan nan nan nan nan nan nan nan nan nan nan nan nan
  nan nan nan nan nan nan nan nan nan nan nan nan nan nan nan nan nan nan
  nan nan nan nan nan nan nan nan nan nan nan nan nan nan nan nan nan nan
  nan nan nan nan nan nan nan nan nan nan nan nan nan nan nan nan nan nan
  nan nan nan nan nan nan nan nan nan nan nan nan nan nan nan nan nan nan
  nan nan nan nan nan nan nan nan nan nan nan nan nan nan nan nan nan nan
  nan nan nan nan nan nan nan nan nan nan nan nan nan nan nan nan nan nan
  nan nan nan nan nan nan nan nan nan nan nan nan nan nan nan nan nan nan
  nan nan nan nan nan nan nan nan nan nan nan nan nan nan nan nan nan nan
  nan nan nan nan nan nan nan nan nan nan nan nan nan nan nan nan nan nan
  nan nan nan nan nan nan nan nan nan nan nan nan nan nan nan nan nan nan
  nan nan nan nan nan nan nan nan nan nan nan nan nan nan nan nan nan nan
  nan nan nan nan]
 [nan nan nan nan nan nan nan nan nan nan nan nan nan nan nan nan nan nan
  nan nan nan nan nan nan nan nan nan nan nan nan nan nan nan nan nan nan
  nan nan nan nan nan nan nan nan nan nan nan nan nan nan nan nan nan nan
  nan nan nan nan nan nan nan nan nan nan nan nan nan nan nan nan nan nan
  nan nan nan nan nan nan nan nan nan nan nan nan nan nan nan nan nan nan
  nan nan nan nan nan nan nan nan nan nan nan nan nan nan nan nan nan nan
  nan nan nan nan nan nan nan nan nan nan nan nan nan nan nan nan nan nan
  nan nan nan nan nan nan nan nan nan nan nan nan nan nan nan nan nan nan
  nan nan nan nan nan nan nan nan nan nan nan nan nan nan nan nan nan nan
  nan nan nan nan nan nan nan nan nan nan nan nan nan nan nan nan nan nan
  nan nan nan nan nan nan nan nan nan nan nan nan nan nan nan nan nan nan
  nan nan nan nan nan nan nan nan nan nan nan nan nan nan nan nan nan nan
  nan nan nan nan nan nan nan nan nan nan nan nan nan nan nan nan nan nan
  nan nan nan nan nan nan nan nan nan nan nan nan nan nan nan nan nan nan
  nan nan nan nan nan nan nan nan nan nan nan nan nan nan nan nan nan nan
  nan nan nan nan nan nan nan nan nan nan nan nan nan nan nan nan nan nan
  nan nan nan nan nan nan nan nan nan nan nan nan nan nan nan nan nan nan
  nan nan nan nan nan nan nan nan nan nan nan nan nan nan nan nan nan nan
  nan nan nan nan nan nan nan nan nan nan nan nan nan nan nan nan nan nan
  nan nan nan nan nan nan nan nan nan nan nan nan nan nan nan nan nan nan
  nan nan nan nan nan nan nan nan nan nan nan nan nan nan nan nan nan nan
  nan nan nan nan nan nan nan nan nan nan nan nan nan nan nan nan nan nan
  nan nan nan nan]]
i:  4
u_n shape: (2, 400) (2, 400)
solve_u_hat:u_n shape: (2, 400)
solve_u_hat:u_n shape: (2, 400)
u_hat shape (2, 400)
u_n vector: [[nan nan nan nan nan nan nan nan nan nan nan nan nan nan nan nan nan nan
  nan nan nan nan nan nan nan nan nan nan nan nan nan nan nan nan nan nan
  nan nan nan nan nan nan nan nan nan nan nan nan nan nan nan nan nan nan
  nan nan nan nan nan nan nan nan nan nan nan nan nan nan nan nan nan nan
  nan nan nan nan nan nan nan nan nan nan nan nan nan nan nan nan nan nan
  nan nan nan nan nan nan nan nan nan nan nan nan nan nan nan nan nan nan
  nan nan nan nan nan nan nan nan nan nan nan nan nan nan nan nan nan nan
  nan nan nan nan nan nan nan nan nan nan nan nan nan nan nan nan nan nan
  nan nan nan nan nan nan nan nan nan nan nan nan nan nan nan nan nan nan
  nan nan nan nan nan nan nan nan nan nan nan nan nan nan nan nan nan nan
  nan nan nan nan nan nan nan nan nan nan nan nan nan nan nan nan nan nan
  nan nan nan nan nan nan nan nan nan nan nan nan nan nan nan nan nan nan
  nan nan nan nan nan nan nan nan nan nan nan nan nan nan nan nan nan nan
  nan nan nan nan nan nan nan nan nan nan nan nan nan nan nan nan nan nan
  nan nan nan nan nan nan nan nan nan nan nan nan nan nan nan nan nan nan
  nan nan nan nan nan nan nan nan nan nan nan nan nan nan nan nan nan nan
  nan nan nan nan nan nan nan nan nan nan nan nan nan nan nan nan nan nan
  nan nan nan nan nan nan nan nan nan nan nan nan nan nan nan nan nan nan
  nan nan nan nan nan nan nan nan nan nan nan nan nan nan nan nan nan nan
  nan nan nan nan nan nan nan nan nan nan nan nan nan nan nan nan nan nan
  nan nan nan nan nan nan nan nan nan nan nan nan nan nan nan nan nan nan
  nan nan nan nan nan nan nan nan nan nan nan nan nan nan nan nan nan nan
  nan nan nan nan]
 [nan nan nan nan nan nan nan nan nan nan nan nan nan nan nan nan nan nan
  nan nan nan nan nan nan nan nan nan nan nan nan nan nan nan nan nan nan
  nan nan nan nan nan nan nan nan nan nan nan nan nan nan nan nan nan nan
  nan nan nan nan nan nan nan nan nan nan nan nan nan nan nan nan nan nan
  nan nan nan nan nan nan nan nan nan nan nan nan nan nan nan nan nan nan
  nan nan nan nan nan nan nan nan nan nan nan nan nan nan nan nan nan nan
  nan nan nan nan nan nan nan nan nan nan nan nan nan nan nan nan nan nan
  nan nan nan nan nan nan nan nan nan nan nan nan nan nan nan nan nan nan
  nan nan nan nan nan nan nan nan nan nan nan nan nan nan nan nan nan nan
  nan nan nan nan nan nan nan nan nan nan nan nan nan nan nan nan nan nan
  nan nan nan nan nan nan nan nan nan nan nan nan nan nan nan nan nan nan
  nan nan nan nan nan nan nan nan nan nan nan nan nan nan nan nan nan nan
  nan nan nan nan nan nan nan nan nan nan nan nan nan nan nan nan nan nan
  nan nan nan nan nan nan nan nan nan nan nan nan nan nan nan nan nan nan
  nan nan nan nan nan nan nan nan nan nan nan nan nan nan nan nan nan nan
  nan nan nan nan nan nan nan nan nan nan nan nan nan nan nan nan nan nan
  nan nan nan nan nan nan nan nan nan nan nan nan nan nan nan nan nan nan
  nan nan nan nan nan nan nan nan nan nan nan nan nan nan nan nan nan nan
  nan nan nan nan nan nan nan nan nan nan nan nan nan nan nan nan nan nan
  nan nan nan nan nan nan nan nan nan nan nan nan nan nan nan nan nan nan
  nan nan nan nan nan nan nan nan nan nan nan nan nan nan nan nan nan nan
  nan nan nan nan nan nan nan nan nan nan nan nan nan nan nan nan nan nan
  nan nan nan nan]]
i:  5
u_n shape: (2, 400) (2, 400)
solve_u_hat:u_n shape: (2, 400)
solve_u_hat:u_n shape: (2, 400)
u_hat shape (2, 400)
u_n vector: [[nan nan nan nan nan nan nan nan nan nan nan nan nan nan nan nan nan nan
  nan nan nan nan nan nan nan nan nan nan nan nan nan nan nan nan nan nan
  nan nan nan nan nan nan nan nan nan nan nan nan nan nan nan nan nan nan
  nan nan nan nan nan nan nan nan nan nan nan nan nan nan nan nan nan nan
  nan nan nan nan nan nan nan nan nan nan nan nan nan nan nan nan nan nan
  nan nan nan nan nan nan nan nan nan nan nan nan nan nan nan nan nan nan
  nan nan nan nan nan nan nan nan nan nan nan nan nan nan nan nan nan nan
  nan nan nan nan nan nan nan nan nan nan nan nan nan nan nan nan nan nan
  nan nan nan nan nan nan nan nan nan nan nan nan nan nan nan nan nan nan
  nan nan nan nan nan nan nan nan nan nan nan nan nan nan nan nan nan nan
  nan nan nan nan nan nan nan nan nan nan nan nan nan nan nan nan nan nan
  nan nan nan nan nan nan nan nan nan nan nan nan nan nan nan nan nan nan
  nan nan nan nan nan nan nan nan nan nan nan nan nan nan nan nan nan nan
  nan nan nan nan nan nan nan nan nan nan nan nan nan nan nan nan nan nan
  nan nan nan nan nan nan nan nan nan nan nan nan nan nan nan nan nan nan
  nan nan nan nan nan nan nan nan nan nan nan nan nan nan nan nan nan nan
  nan nan nan nan nan nan nan nan nan nan nan nan nan nan nan nan nan nan
  nan nan nan nan nan nan nan nan nan nan nan nan nan nan nan nan nan nan
  nan nan nan nan nan nan nan nan nan nan nan nan nan nan nan nan nan nan
  nan nan nan nan nan nan nan nan nan nan nan nan nan nan nan nan nan nan
  nan nan nan nan nan nan nan nan nan nan nan nan nan nan nan nan nan nan
  nan nan nan nan nan nan nan nan nan nan nan nan nan nan nan nan nan nan
  nan nan nan nan]
 [nan nan nan nan nan nan nan nan nan nan nan nan nan nan nan nan nan nan
  nan nan nan nan nan nan nan nan nan nan nan nan nan nan nan nan nan nan
  nan nan nan nan nan nan nan nan nan nan nan nan nan nan nan nan nan nan
  nan nan nan nan nan nan nan nan nan nan nan nan nan nan nan nan nan nan
  nan nan nan nan nan nan nan nan nan nan nan nan nan nan nan nan nan nan
  nan nan nan nan nan nan nan nan nan nan nan nan nan nan nan nan nan nan
  nan nan nan nan nan nan nan nan nan nan nan nan nan nan nan nan nan nan
  nan nan nan nan nan nan nan nan nan nan nan nan nan nan nan nan nan nan
  nan nan nan nan nan nan nan nan nan nan nan nan nan nan nan nan nan nan
  nan nan nan nan nan nan nan nan nan nan nan nan nan nan nan nan nan nan
  nan nan nan nan nan nan nan nan nan nan nan nan nan nan nan nan nan nan
  nan nan nan nan nan nan nan nan nan nan nan nan nan nan nan nan nan nan
  nan nan nan nan nan nan nan nan nan nan nan nan nan nan nan nan nan nan
  nan nan nan nan nan nan nan nan nan nan nan nan nan nan nan nan nan nan
  nan nan nan nan nan nan nan nan nan nan nan nan nan nan nan nan nan nan
  nan nan nan nan nan nan nan nan nan nan nan nan nan nan nan nan nan nan
  nan nan nan nan nan nan nan nan nan nan nan nan nan nan nan nan nan nan
  nan nan nan nan nan nan nan nan nan nan nan nan nan nan nan nan nan nan
  nan nan nan nan nan nan nan nan nan nan nan nan nan nan nan nan nan nan
  nan nan nan nan nan nan nan nan nan nan nan nan nan nan nan nan nan nan
  nan nan nan nan nan nan nan nan nan nan nan nan nan nan nan nan nan nan
  nan nan nan nan nan nan nan nan nan nan nan nan nan nan nan nan nan nan
  nan nan nan nan]]
i:  6
u_n shape: (2, 400) (2, 400)
solve_u_hat:u_n shape: (2, 400)
solve_u_hat:u_n shape: (2, 400)
u_hat shape (2, 400)
u_n vector: [[nan nan nan nan nan nan nan nan nan nan nan nan nan nan nan nan nan nan
  nan nan nan nan nan nan nan nan nan nan nan nan nan nan nan nan nan nan
  nan nan nan nan nan nan nan nan nan nan nan nan nan nan nan nan nan nan
  nan nan nan nan nan nan nan nan nan nan nan nan nan nan nan nan nan nan
  nan nan nan nan nan nan nan nan nan nan nan nan nan nan nan nan nan nan
  nan nan nan nan nan nan nan nan nan nan nan nan nan nan nan nan nan nan
  nan nan nan nan nan nan nan nan nan nan nan nan nan nan nan nan nan nan
  nan nan nan nan nan nan nan nan nan nan nan nan nan nan nan nan nan nan
  nan nan nan nan nan nan nan nan nan nan nan nan nan nan nan nan nan nan
  nan nan nan nan nan nan nan nan nan nan nan nan nan nan nan nan nan nan
  nan nan nan nan nan nan nan nan nan nan nan nan nan nan nan nan nan nan
  nan nan nan nan nan nan nan nan nan nan nan nan nan nan nan nan nan nan
  nan nan nan nan nan nan nan nan nan nan nan nan nan nan nan nan nan nan
  nan nan nan nan nan nan nan nan nan nan nan nan nan nan nan nan nan nan
  nan nan nan nan nan nan nan nan nan nan nan nan nan nan nan nan nan nan
  nan nan nan nan nan nan nan nan nan nan nan nan nan nan nan nan nan nan
  nan nan nan nan nan nan nan nan nan nan nan nan nan nan nan nan nan nan
  nan nan nan nan nan nan nan nan nan nan nan nan nan nan nan nan nan nan
  nan nan nan nan nan nan nan nan nan nan nan nan nan nan nan nan nan nan
  nan nan nan nan nan nan nan nan nan nan nan nan nan nan nan nan nan nan
  nan nan nan nan nan nan nan nan nan nan nan nan nan nan nan nan nan nan
  nan nan nan nan nan nan nan nan nan nan nan nan nan nan nan nan nan nan
  nan nan nan nan]
 [nan nan nan nan nan nan nan nan nan nan nan nan nan nan nan nan nan nan
  nan nan nan nan nan nan nan nan nan nan nan nan nan nan nan nan nan nan
  nan nan nan nan nan nan nan nan nan nan nan nan nan nan nan nan nan nan
  nan nan nan nan nan nan nan nan nan nan nan nan nan nan nan nan nan nan
  nan nan nan nan nan nan nan nan nan nan nan nan nan nan nan nan nan nan
  nan nan nan nan nan nan nan nan nan nan nan nan nan nan nan nan nan nan
  nan nan nan nan nan nan nan nan nan nan nan nan nan nan nan nan nan nan
  nan nan nan nan nan nan nan nan nan nan nan nan nan nan nan nan nan nan
  nan nan nan nan nan nan nan nan nan nan nan nan nan nan nan nan nan nan
  nan nan nan nan nan nan nan nan nan nan nan nan nan nan nan nan nan nan
  nan nan nan nan nan nan nan nan nan nan nan nan nan nan nan nan nan nan
  nan nan nan nan nan nan nan nan nan nan nan nan nan nan nan nan nan nan
  nan nan nan nan nan nan nan nan nan nan nan nan nan nan nan nan nan nan
  nan nan nan nan nan nan nan nan nan nan nan nan nan nan nan nan nan nan
  nan nan nan nan nan nan nan nan nan nan nan nan nan nan nan nan nan nan
  nan nan nan nan nan nan nan nan nan nan nan nan nan nan nan nan nan nan
  nan nan nan nan nan nan nan nan nan nan nan nan nan nan nan nan nan nan
  nan nan nan nan nan nan nan nan nan nan nan nan nan nan nan nan nan nan
  nan nan nan nan nan nan nan nan nan nan nan nan nan nan nan nan nan nan
  nan nan nan nan nan nan nan nan nan nan nan nan nan nan nan nan nan nan
  nan nan nan nan nan nan nan nan nan nan nan nan nan nan nan nan nan nan
  nan nan nan nan nan nan nan nan nan nan nan nan nan nan nan nan nan nan
  nan nan nan nan]]
i:  7
u_n shape: (2, 400) (2, 400)
solve_u_hat:u_n shape: (2, 400)
solve_u_hat:u_n shape: (2, 400)
u_hat shape (2, 400)
u_n vector: [[nan nan nan nan nan nan nan nan nan nan nan nan nan nan nan nan nan nan
  nan nan nan nan nan nan nan nan nan nan nan nan nan nan nan nan nan nan
  nan nan nan nan nan nan nan nan nan nan nan nan nan nan nan nan nan nan
  nan nan nan nan nan nan nan nan nan nan nan nan nan nan nan nan nan nan
  nan nan nan nan nan nan nan nan nan nan nan nan nan nan nan nan nan nan
  nan nan nan nan nan nan nan nan nan nan nan nan nan nan nan nan nan nan
  nan nan nan nan nan nan nan nan nan nan nan nan nan nan nan nan nan nan
  nan nan nan nan nan nan nan nan nan nan nan nan nan nan nan nan nan nan
  nan nan nan nan nan nan nan nan nan nan nan nan nan nan nan nan nan nan
  nan nan nan nan nan nan nan nan nan nan nan nan nan nan nan nan nan nan
  nan nan nan nan nan nan nan nan nan nan nan nan nan nan nan nan nan nan
  nan nan nan nan nan nan nan nan nan nan nan nan nan nan nan nan nan nan
  nan nan nan nan nan nan nan nan nan nan nan nan nan nan nan nan nan nan
  nan nan nan nan nan nan nan nan nan nan nan nan nan nan nan nan nan nan
  nan nan nan nan nan nan nan nan nan nan nan nan nan nan nan nan nan nan
  nan nan nan nan nan nan nan nan nan nan nan nan nan nan nan nan nan nan
  nan nan nan nan nan nan nan nan nan nan nan nan nan nan nan nan nan nan
  nan nan nan nan nan nan nan nan nan nan nan nan nan nan nan nan nan nan
  nan nan nan nan nan nan nan nan nan nan nan nan nan nan nan nan nan nan
  nan nan nan nan nan nan nan nan nan nan nan nan nan nan nan nan nan nan
  nan nan nan nan nan nan nan nan nan nan nan nan nan nan nan nan nan nan
  nan nan nan nan nan nan nan nan nan nan nan nan nan nan nan nan nan nan
  nan nan nan nan]
 [nan nan nan nan nan nan nan nan nan nan nan nan nan nan nan nan nan nan
  nan nan nan nan nan nan nan nan nan nan nan nan nan nan nan nan nan nan
  nan nan nan nan nan nan nan nan nan nan nan nan nan nan nan nan nan nan
  nan nan nan nan nan nan nan nan nan nan nan nan nan nan nan nan nan nan
  nan nan nan nan nan nan nan nan nan nan nan nan nan nan nan nan nan nan
  nan nan nan nan nan nan nan nan nan nan nan nan nan nan nan nan nan nan
  nan nan nan nan nan nan nan nan nan nan nan nan nan nan nan nan nan nan
  nan nan nan nan nan nan nan nan nan nan nan nan nan nan nan nan nan nan
  nan nan nan nan nan nan nan nan nan nan nan nan nan nan nan nan nan nan
  nan nan nan nan nan nan nan nan nan nan nan nan nan nan nan nan nan nan
  nan nan nan nan nan nan nan nan nan nan nan nan nan nan nan nan nan nan
  nan nan nan nan nan nan nan nan nan nan nan nan nan nan nan nan nan nan
  nan nan nan nan nan nan nan nan nan nan nan nan nan nan nan nan nan nan
  nan nan nan nan nan nan nan nan nan nan nan nan nan nan nan nan nan nan
  nan nan nan nan nan nan nan nan nan nan nan nan nan nan nan nan nan nan
  nan nan nan nan nan nan nan nan nan nan nan nan nan nan nan nan nan nan
  nan nan nan nan nan nan nan nan nan nan nan nan nan nan nan nan nan nan
  nan nan nan nan nan nan nan nan nan nan nan nan nan nan nan nan nan nan
  nan nan nan nan nan nan nan nan nan nan nan nan nan nan nan nan nan nan
  nan nan nan nan nan nan nan nan nan nan nan nan nan nan nan nan nan nan
  nan nan nan nan nan nan nan nan nan nan nan nan nan nan nan nan nan nan
  nan nan nan nan nan nan nan nan nan nan nan nan nan nan nan nan nan nan
  nan nan nan nan]]
i:  8
u_n shape: (2, 400) (2, 400)
solve_u_hat:u_n shape: (2, 400)
solve_u_hat:u_n shape: (2, 400)
u_hat shape (2, 400)
u_n vector: [[nan nan nan nan nan nan nan nan nan nan nan nan nan nan nan nan nan nan
  nan nan nan nan nan nan nan nan nan nan nan nan nan nan nan nan nan nan
  nan nan nan nan nan nan nan nan nan nan nan nan nan nan nan nan nan nan
  nan nan nan nan nan nan nan nan nan nan nan nan nan nan nan nan nan nan
  nan nan nan nan nan nan nan nan nan nan nan nan nan nan nan nan nan nan
  nan nan nan nan nan nan nan nan nan nan nan nan nan nan nan nan nan nan
  nan nan nan nan nan nan nan nan nan nan nan nan nan nan nan nan nan nan
  nan nan nan nan nan nan nan nan nan nan nan nan nan nan nan nan nan nan
  nan nan nan nan nan nan nan nan nan nan nan nan nan nan nan nan nan nan
  nan nan nan nan nan nan nan nan nan nan nan nan nan nan nan nan nan nan
  nan nan nan nan nan nan nan nan nan nan nan nan nan nan nan nan nan nan
  nan nan nan nan nan nan nan nan nan nan nan nan nan nan nan nan nan nan
  nan nan nan nan nan nan nan nan nan nan nan nan nan nan nan nan nan nan
  nan nan nan nan nan nan nan nan nan nan nan nan nan nan nan nan nan nan
  nan nan nan nan nan nan nan nan nan nan nan nan nan nan nan nan nan nan
  nan nan nan nan nan nan nan nan nan nan nan nan nan nan nan nan nan nan
  nan nan nan nan nan nan nan nan nan nan nan nan nan nan nan nan nan nan
  nan nan nan nan nan nan nan nan nan nan nan nan nan nan nan nan nan nan
  nan nan nan nan nan nan nan nan nan nan nan nan nan nan nan nan nan nan
  nan nan nan nan nan nan nan nan nan nan nan nan nan nan nan nan nan nan
  nan nan nan nan nan nan nan nan nan nan nan nan nan nan nan nan nan nan
  nan nan nan nan nan nan nan nan nan nan nan nan nan nan nan nan nan nan
  nan nan nan nan]
 [nan nan nan nan nan nan nan nan nan nan nan nan nan nan nan nan nan nan
  nan nan nan nan nan nan nan nan nan nan nan nan nan nan nan nan nan nan
  nan nan nan nan nan nan nan nan nan nan nan nan nan nan nan nan nan nan
  nan nan nan nan nan nan nan nan nan nan nan nan nan nan nan nan nan nan
  nan nan nan nan nan nan nan nan nan nan nan nan nan nan nan nan nan nan
  nan nan nan nan nan nan nan nan nan nan nan nan nan nan nan nan nan nan
  nan nan nan nan nan nan nan nan nan nan nan nan nan nan nan nan nan nan
  nan nan nan nan nan nan nan nan nan nan nan nan nan nan nan nan nan nan
  nan nan nan nan nan nan nan nan nan nan nan nan nan nan nan nan nan nan
  nan nan nan nan nan nan nan nan nan nan nan nan nan nan nan nan nan nan
  nan nan nan nan nan nan nan nan nan nan nan nan nan nan nan nan nan nan
  nan nan nan nan nan nan nan nan nan nan nan nan nan nan nan nan nan nan
  nan nan nan nan nan nan nan nan nan nan nan nan nan nan nan nan nan nan
  nan nan nan nan nan nan nan nan nan nan nan nan nan nan nan nan nan nan
  nan nan nan nan nan nan nan nan nan nan nan nan nan nan nan nan nan nan
  nan nan nan nan nan nan nan nan nan nan nan nan nan nan nan nan nan nan
  nan nan nan nan nan nan nan nan nan nan nan nan nan nan nan nan nan nan
  nan nan nan nan nan nan nan nan nan nan nan nan nan nan nan nan nan nan
  nan nan nan nan nan nan nan nan nan nan nan nan nan nan nan nan nan nan
  nan nan nan nan nan nan nan nan nan nan nan nan nan nan nan nan nan nan
  nan nan nan nan nan nan nan nan nan nan nan nan nan nan nan nan nan nan
  nan nan nan nan nan nan nan nan nan nan nan nan nan nan nan nan nan nan
  nan nan nan nan]]
i:  9
u_n shape: (2, 400) (2, 400)
solve_u_hat:u_n shape: (2, 400)
solve_u_hat:u_n shape: (2, 400)
u_hat shape (2, 400)
u_n vector: [[nan nan nan nan nan nan nan nan nan nan nan nan nan nan nan nan nan nan
  nan nan nan nan nan nan nan nan nan nan nan nan nan nan nan nan nan nan
  nan nan nan nan nan nan nan nan nan nan nan nan nan nan nan nan nan nan
  nan nan nan nan nan nan nan nan nan nan nan nan nan nan nan nan nan nan
  nan nan nan nan nan nan nan nan nan nan nan nan nan nan nan nan nan nan
  nan nan nan nan nan nan nan nan nan nan nan nan nan nan nan nan nan nan
  nan nan nan nan nan nan nan nan nan nan nan nan nan nan nan nan nan nan
  nan nan nan nan nan nan nan nan nan nan nan nan nan nan nan nan nan nan
  nan nan nan nan nan nan nan nan nan nan nan nan nan nan nan nan nan nan
  nan nan nan nan nan nan nan nan nan nan nan nan nan nan nan nan nan nan
  nan nan nan nan nan nan nan nan nan nan nan nan nan nan nan nan nan nan
  nan nan nan nan nan nan nan nan nan nan nan nan nan nan nan nan nan nan
  nan nan nan nan nan nan nan nan nan nan nan nan nan nan nan nan nan nan
  nan nan nan nan nan nan nan nan nan nan nan nan nan nan nan nan nan nan
  nan nan nan nan nan nan nan nan nan nan nan nan nan nan nan nan nan nan
  nan nan nan nan nan nan nan nan nan nan nan nan nan nan nan nan nan nan
  nan nan nan nan nan nan nan nan nan nan nan nan nan nan nan nan nan nan
  nan nan nan nan nan nan nan nan nan nan nan nan nan nan nan nan nan nan
  nan nan nan nan nan nan nan nan nan nan nan nan nan nan nan nan nan nan
  nan nan nan nan nan nan nan nan nan nan nan nan nan nan nan nan nan nan
  nan nan nan nan nan nan nan nan nan nan nan nan nan nan nan nan nan nan
  nan nan nan nan nan nan nan nan nan nan nan nan nan nan nan nan nan nan
  nan nan nan nan]
 [nan nan nan nan nan nan nan nan nan nan nan nan nan nan nan nan nan nan
  nan nan nan nan nan nan nan nan nan nan nan nan nan nan nan nan nan nan
  nan nan nan nan nan nan nan nan nan nan nan nan nan nan nan nan nan nan
  nan nan nan nan nan nan nan nan nan nan nan nan nan nan nan nan nan nan
  nan nan nan nan nan nan nan nan nan nan nan nan nan nan nan nan nan nan
  nan nan nan nan nan nan nan nan nan nan nan nan nan nan nan nan nan nan
  nan nan nan nan nan nan nan nan nan nan nan nan nan nan nan nan nan nan
  nan nan nan nan nan nan nan nan nan nan nan nan nan nan nan nan nan nan
  nan nan nan nan nan nan nan nan nan nan nan nan nan nan nan nan nan nan
  nan nan nan nan nan nan nan nan nan nan nan nan nan nan nan nan nan nan
  nan nan nan nan nan nan nan nan nan nan nan nan nan nan nan nan nan nan
  nan nan nan nan nan nan nan nan nan nan nan nan nan nan nan nan nan nan
  nan nan nan nan nan nan nan nan nan nan nan nan nan nan nan nan nan nan
  nan nan nan nan nan nan nan nan nan nan nan nan nan nan nan nan nan nan
  nan nan nan nan nan nan nan nan nan nan nan nan nan nan nan nan nan nan
  nan nan nan nan nan nan nan nan nan nan nan nan nan nan nan nan nan nan
  nan nan nan nan nan nan nan nan nan nan nan nan nan nan nan nan nan nan
  nan nan nan nan nan nan nan nan nan nan nan nan nan nan nan nan nan nan
  nan nan nan nan nan nan nan nan nan nan nan nan nan nan nan nan nan nan
  nan nan nan nan nan nan nan nan nan nan nan nan nan nan nan nan nan nan
  nan nan nan nan nan nan nan nan nan nan nan nan nan nan nan nan nan nan
  nan nan nan nan nan nan nan nan nan nan nan nan nan nan nan nan nan nan
  nan nan nan nan]]
i 0
solve_u_hat:u_n shape: (2, 400)
solve_u_hat:u_n shape: (2, 400)
u_hat shape (2, 400)
u_n vetor: [[nan nan nan nan nan nan nan nan nan nan nan nan nan nan nan nan nan nan
  nan nan nan nan nan nan nan nan nan nan nan nan nan nan nan nan nan nan
  nan nan nan nan nan nan nan nan nan nan nan nan nan nan nan nan nan nan
  nan nan nan nan nan nan nan nan nan nan nan nan nan nan nan nan nan nan
  nan nan nan nan nan nan nan nan nan nan nan nan nan nan nan nan nan nan
  nan nan nan nan nan nan nan nan nan nan nan nan nan nan nan nan nan nan
  nan nan nan nan nan nan nan nan nan nan nan nan nan nan nan nan nan nan
  nan nan nan nan nan nan nan nan nan nan nan nan nan nan nan nan nan nan
  nan nan nan nan nan nan nan nan nan nan nan nan nan nan nan nan nan nan
  nan nan nan nan nan nan nan nan nan nan nan nan nan nan nan nan nan nan
  nan nan nan nan nan nan nan nan nan nan nan nan nan nan nan nan nan nan
  nan nan nan nan nan nan nan nan nan nan nan nan nan nan nan nan nan nan
  nan nan nan nan nan nan nan nan nan nan nan nan nan nan nan nan nan nan
  nan nan nan nan nan nan nan nan nan nan nan nan nan nan nan nan nan nan
  nan nan nan nan nan nan nan nan nan nan nan nan nan nan nan nan nan nan
  nan nan nan nan nan nan nan nan nan nan nan nan nan nan nan nan nan nan
  nan nan nan nan nan nan nan nan nan nan nan nan nan nan nan nan nan nan
  nan nan nan nan nan nan nan nan nan nan nan nan nan nan nan nan nan nan
  nan nan nan nan nan nan nan nan nan nan nan nan nan nan nan nan nan nan
  nan nan nan nan nan nan nan nan nan nan nan nan nan nan nan nan nan nan
  nan nan nan nan nan nan nan nan nan nan nan nan nan nan nan nan nan nan
  nan nan nan nan nan nan nan nan nan nan nan nan nan nan nan nan nan nan
  nan nan nan nan]
 [nan nan nan nan nan nan nan nan nan nan nan nan nan nan nan nan nan nan
  nan nan nan nan nan nan nan nan nan nan nan nan nan nan nan nan nan nan
  nan nan nan nan nan nan nan nan nan nan nan nan nan nan nan nan nan nan
  nan nan nan nan nan nan nan nan nan nan nan nan nan nan nan nan nan nan
  nan nan nan nan nan nan nan nan nan nan nan nan nan nan nan nan nan nan
  nan nan nan nan nan nan nan nan nan nan nan nan nan nan nan nan nan nan
  nan nan nan nan nan nan nan nan nan nan nan nan nan nan nan nan nan nan
  nan nan nan nan nan nan nan nan nan nan nan nan nan nan nan nan nan nan
  nan nan nan nan nan nan nan nan nan nan nan nan nan nan nan nan nan nan
  nan nan nan nan nan nan nan nan nan nan nan nan nan nan nan nan nan nan
  nan nan nan nan nan nan nan nan nan nan nan nan nan nan nan nan nan nan
  nan nan nan nan nan nan nan nan nan nan nan nan nan nan nan nan nan nan
  nan nan nan nan nan nan nan nan nan nan nan nan nan nan nan nan nan nan
  nan nan nan nan nan nan nan nan nan nan nan nan nan nan nan nan nan nan
  nan nan nan nan nan nan nan nan nan nan nan nan nan nan nan nan nan nan
  nan nan nan nan nan nan nan nan nan nan nan nan nan nan nan nan nan nan
  nan nan nan nan nan nan nan nan nan nan nan nan nan nan nan nan nan nan
  nan nan nan nan nan nan nan nan nan nan nan nan nan nan nan nan nan nan
  nan nan nan nan nan nan nan nan nan nan nan nan nan nan nan nan nan nan
  nan nan nan nan nan nan nan nan nan nan nan nan nan nan nan nan nan nan
  nan nan nan nan nan nan nan nan nan nan nan nan nan nan nan nan nan nan
  nan nan nan nan nan nan nan nan nan nan nan nan nan nan nan nan nan nan
  nan nan nan nan]]
i 1
solve_u_hat:u_n shape: (2, 400)
solve_u_hat:u_n shape: (2, 400)
u_hat shape (2, 400)
u_n vetor: [[nan nan nan nan nan nan nan nan nan nan nan nan nan nan nan nan nan nan
  nan nan nan nan nan nan nan nan nan nan nan nan nan nan nan nan nan nan
  nan nan nan nan nan nan nan nan nan nan nan nan nan nan nan nan nan nan
  nan nan nan nan nan nan nan nan nan nan nan nan nan nan nan nan nan nan
  nan nan nan nan nan nan nan nan nan nan nan nan nan nan nan nan nan nan
  nan nan nan nan nan nan nan nan nan nan nan nan nan nan nan nan nan nan
  nan nan nan nan nan nan nan nan nan nan nan nan nan nan nan nan nan nan
  nan nan nan nan nan nan nan nan nan nan nan nan nan nan nan nan nan nan
  nan nan nan nan nan nan nan nan nan nan nan nan nan nan nan nan nan nan
  nan nan nan nan nan nan nan nan nan nan nan nan nan nan nan nan nan nan
  nan nan nan nan nan nan nan nan nan nan nan nan nan nan nan nan nan nan
  nan nan nan nan nan nan nan nan nan nan nan nan nan nan nan nan nan nan
  nan nan nan nan nan nan nan nan nan nan nan nan nan nan nan nan nan nan
  nan nan nan nan nan nan nan nan nan nan nan nan nan nan nan nan nan nan
  nan nan nan nan nan nan nan nan nan nan nan nan nan nan nan nan nan nan
  nan nan nan nan nan nan nan nan nan nan nan nan nan nan nan nan nan nan
  nan nan nan nan nan nan nan nan nan nan nan nan nan nan nan nan nan nan
  nan nan nan nan nan nan nan nan nan nan nan nan nan nan nan nan nan nan
  nan nan nan nan nan nan nan nan nan nan nan nan nan nan nan nan nan nan
  nan nan nan nan nan nan nan nan nan nan nan nan nan nan nan nan nan nan
  nan nan nan nan nan nan nan nan nan nan nan nan nan nan nan nan nan nan
  nan nan nan nan nan nan nan nan nan nan nan nan nan nan nan nan nan nan
  nan nan nan nan]
 [nan nan nan nan nan nan nan nan nan nan nan nan nan nan nan nan nan nan
  nan nan nan nan nan nan nan nan nan nan nan nan nan nan nan nan nan nan
  nan nan nan nan nan nan nan nan nan nan nan nan nan nan nan nan nan nan
  nan nan nan nan nan nan nan nan nan nan nan nan nan nan nan nan nan nan
  nan nan nan nan nan nan nan nan nan nan nan nan nan nan nan nan nan nan
  nan nan nan nan nan nan nan nan nan nan nan nan nan nan nan nan nan nan
  nan nan nan nan nan nan nan nan nan nan nan nan nan nan nan nan nan nan
  nan nan nan nan nan nan nan nan nan nan nan nan nan nan nan nan nan nan
  nan nan nan nan nan nan nan nan nan nan nan nan nan nan nan nan nan nan
  nan nan nan nan nan nan nan nan nan nan nan nan nan nan nan nan nan nan
  nan nan nan nan nan nan nan nan nan nan nan nan nan nan nan nan nan nan
  nan nan nan nan nan nan nan nan nan nan nan nan nan nan nan nan nan nan
  nan nan nan nan nan nan nan nan nan nan nan nan nan nan nan nan nan nan
  nan nan nan nan nan nan nan nan nan nan nan nan nan nan nan nan nan nan
  nan nan nan nan nan nan nan nan nan nan nan nan nan nan nan nan nan nan
  nan nan nan nan nan nan nan nan nan nan nan nan nan nan nan nan nan nan
  nan nan nan nan nan nan nan nan nan nan nan nan nan nan nan nan nan nan
  nan nan nan nan nan nan nan nan nan nan nan nan nan nan nan nan nan nan
  nan nan nan nan nan nan nan nan nan nan nan nan nan nan nan nan nan nan
  nan nan nan nan nan nan nan nan nan nan nan nan nan nan nan nan nan nan
  nan nan nan nan nan nan nan nan nan nan nan nan nan nan nan nan nan nan
  nan nan nan nan nan nan nan nan nan nan nan nan nan nan nan nan nan nan
  nan nan nan nan]]
i 2
solve_u_hat:u_n shape: (2, 400)
solve_u_hat:u_n shape: (2, 400)
u_hat shape (2, 400)
u_n vetor: [[nan nan nan nan nan nan nan nan nan nan nan nan nan nan nan nan nan nan
  nan nan nan nan nan nan nan nan nan nan nan nan nan nan nan nan nan nan
  nan nan nan nan nan nan nan nan nan nan nan nan nan nan nan nan nan nan
  nan nan nan nan nan nan nan nan nan nan nan nan nan nan nan nan nan nan
  nan nan nan nan nan nan nan nan nan nan nan nan nan nan nan nan nan nan
  nan nan nan nan nan nan nan nan nan nan nan nan nan nan nan nan nan nan
  nan nan nan nan nan nan nan nan nan nan nan nan nan nan nan nan nan nan
  nan nan nan nan nan nan nan nan nan nan nan nan nan nan nan nan nan nan
  nan nan nan nan nan nan nan nan nan nan nan nan nan nan nan nan nan nan
  nan nan nan nan nan nan nan nan nan nan nan nan nan nan nan nan nan nan
  nan nan nan nan nan nan nan nan nan nan nan nan nan nan nan nan nan nan
  nan nan nan nan nan nan nan nan nan nan nan nan nan nan nan nan nan nan
  nan nan nan nan nan nan nan nan nan nan nan nan nan nan nan nan nan nan
  nan nan nan nan nan nan nan nan nan nan nan nan nan nan nan nan nan nan
  nan nan nan nan nan nan nan nan nan nan nan nan nan nan nan nan nan nan
  nan nan nan nan nan nan nan nan nan nan nan nan nan nan nan nan nan nan
  nan nan nan nan nan nan nan nan nan nan nan nan nan nan nan nan nan nan
  nan nan nan nan nan nan nan nan nan nan nan nan nan nan nan nan nan nan
  nan nan nan nan nan nan nan nan nan nan nan nan nan nan nan nan nan nan
  nan nan nan nan nan nan nan nan nan nan nan nan nan nan nan nan nan nan
  nan nan nan nan nan nan nan nan nan nan nan nan nan nan nan nan nan nan
  nan nan nan nan nan nan nan nan nan nan nan nan nan nan nan nan nan nan
  nan nan nan nan]
 [nan nan nan nan nan nan nan nan nan nan nan nan nan nan nan nan nan nan
  nan nan nan nan nan nan nan nan nan nan nan nan nan nan nan nan nan nan
  nan nan nan nan nan nan nan nan nan nan nan nan nan nan nan nan nan nan
  nan nan nan nan nan nan nan nan nan nan nan nan nan nan nan nan nan nan
  nan nan nan nan nan nan nan nan nan nan nan nan nan nan nan nan nan nan
  nan nan nan nan nan nan nan nan nan nan nan nan nan nan nan nan nan nan
  nan nan nan nan nan nan nan nan nan nan nan nan nan nan nan nan nan nan
  nan nan nan nan nan nan nan nan nan nan nan nan nan nan nan nan nan nan
  nan nan nan nan nan nan nan nan nan nan nan nan nan nan nan nan nan nan
  nan nan nan nan nan nan nan nan nan nan nan nan nan nan nan nan nan nan
  nan nan nan nan nan nan nan nan nan nan nan nan nan nan nan nan nan nan
  nan nan nan nan nan nan nan nan nan nan nan nan nan nan nan nan nan nan
  nan nan nan nan nan nan nan nan nan nan nan nan nan nan nan nan nan nan
  nan nan nan nan nan nan nan nan nan nan nan nan nan nan nan nan nan nan
  nan nan nan nan nan nan nan nan nan nan nan nan nan nan nan nan nan nan
  nan nan nan nan nan nan nan nan nan nan nan nan nan nan nan nan nan nan
  nan nan nan nan nan nan nan nan nan nan nan nan nan nan nan nan nan nan
  nan nan nan nan nan nan nan nan nan nan nan nan nan nan nan nan nan nan
  nan nan nan nan nan nan nan nan nan nan nan nan nan nan nan nan nan nan
  nan nan nan nan nan nan nan nan nan nan nan nan nan nan nan nan nan nan
  nan nan nan nan nan nan nan nan nan nan nan nan nan nan nan nan nan nan
  nan nan nan nan nan nan nan nan nan nan nan nan nan nan nan nan nan nan
  nan nan nan nan]]
i 3
solve_u_hat:u_n shape: (2, 400)
solve_u_hat:u_n shape: (2, 400)
u_hat shape (2, 400)
u_n vetor: [[nan nan nan nan nan nan nan nan nan nan nan nan nan nan nan nan nan nan
  nan nan nan nan nan nan nan nan nan nan nan nan nan nan nan nan nan nan
  nan nan nan nan nan nan nan nan nan nan nan nan nan nan nan nan nan nan
  nan nan nan nan nan nan nan nan nan nan nan nan nan nan nan nan nan nan
  nan nan nan nan nan nan nan nan nan nan nan nan nan nan nan nan nan nan
  nan nan nan nan nan nan nan nan nan nan nan nan nan nan nan nan nan nan
  nan nan nan nan nan nan nan nan nan nan nan nan nan nan nan nan nan nan
  nan nan nan nan nan nan nan nan nan nan nan nan nan nan nan nan nan nan
  nan nan nan nan nan nan nan nan nan nan nan nan nan nan nan nan nan nan
  nan nan nan nan nan nan nan nan nan nan nan nan nan nan nan nan nan nan
  nan nan nan nan nan nan nan nan nan nan nan nan nan nan nan nan nan nan
  nan nan nan nan nan nan nan nan nan nan nan nan nan nan nan nan nan nan
  nan nan nan nan nan nan nan nan nan nan nan nan nan nan nan nan nan nan
  nan nan nan nan nan nan nan nan nan nan nan nan nan nan nan nan nan nan
  nan nan nan nan nan nan nan nan nan nan nan nan nan nan nan nan nan nan
  nan nan nan nan nan nan nan nan nan nan nan nan nan nan nan nan nan nan
  nan nan nan nan nan nan nan nan nan nan nan nan nan nan nan nan nan nan
  nan nan nan nan nan nan nan nan nan nan nan nan nan nan nan nan nan nan
  nan nan nan nan nan nan nan nan nan nan nan nan nan nan nan nan nan nan
  nan nan nan nan nan nan nan nan nan nan nan nan nan nan nan nan nan nan
  nan nan nan nan nan nan nan nan nan nan nan nan nan nan nan nan nan nan
  nan nan nan nan nan nan nan nan nan nan nan nan nan nan nan nan nan nan
  nan nan nan nan]
 [nan nan nan nan nan nan nan nan nan nan nan nan nan nan nan nan nan nan
  nan nan nan nan nan nan nan nan nan nan nan nan nan nan nan nan nan nan
  nan nan nan nan nan nan nan nan nan nan nan nan nan nan nan nan nan nan
  nan nan nan nan nan nan nan nan nan nan nan nan nan nan nan nan nan nan
  nan nan nan nan nan nan nan nan nan nan nan nan nan nan nan nan nan nan
  nan nan nan nan nan nan nan nan nan nan nan nan nan nan nan nan nan nan
  nan nan nan nan nan nan nan nan nan nan nan nan nan nan nan nan nan nan
  nan nan nan nan nan nan nan nan nan nan nan nan nan nan nan nan nan nan
  nan nan nan nan nan nan nan nan nan nan nan nan nan nan nan nan nan nan
  nan nan nan nan nan nan nan nan nan nan nan nan nan nan nan nan nan nan
  nan nan nan nan nan nan nan nan nan nan nan nan nan nan nan nan nan nan
  nan nan nan nan nan nan nan nan nan nan nan nan nan nan nan nan nan nan
  nan nan nan nan nan nan nan nan nan nan nan nan nan nan nan nan nan nan
  nan nan nan nan nan nan nan nan nan nan nan nan nan nan nan nan nan nan
  nan nan nan nan nan nan nan nan nan nan nan nan nan nan nan nan nan nan
  nan nan nan nan nan nan nan nan nan nan nan nan nan nan nan nan nan nan
  nan nan nan nan nan nan nan nan nan nan nan nan nan nan nan nan nan nan
  nan nan nan nan nan nan nan nan nan nan nan nan nan nan nan nan nan nan
  nan nan nan nan nan nan nan nan nan nan nan nan nan nan nan nan nan nan
  nan nan nan nan nan nan nan nan nan nan nan nan nan nan nan nan nan nan
  nan nan nan nan nan nan nan nan nan nan nan nan nan nan nan nan nan nan
  nan nan nan nan nan nan nan nan nan nan nan nan nan nan nan nan nan nan
  nan nan nan nan]]
len(X) 20
